Unnamed: 0,x1,x2,y
0,-10.0,-1.0,-0.0624080591427187
1,-9.959919839679358,-0.995991983967936,-0.0573902681247725
2,-9.919839679358718,-0.9919839679358716,-0.0525634577076038
3,-9.879759519038076,-0.9879759519038076,-0.0478988320069501
4,-9.839679358717436,-0.9839679358717436,-0.0433709857710802
5,-9.799599198396791,-0.9799599198396792,-0.0389572787225669
6,-9.759519038076151,-0.9759519038076152,-0.0346373246043918
7,-9.719438877755511,-0.9719438877755512,-0.0303925686955756
8,-9.67935871743487,-0.9679358717434868,-0.0262059337793289
9,-9.639278557114228,-0.9639278557114228,-0.0220615190768827
10,-9.599198396793588,-0.9599198396793588,-0.0179443399795352
11,-9.559118236472946,-0.9559118236472944,-0.0138400988486004
12,-9.519038076152304,-0.9519038076152304,-0.0097349789359588
13,-9.478957915831664,-0.9478957915831664,-0.0056154547655419
14,-9.438877755511022,-0.9438877755511024,-0.0014681132183315
15,-9.39879759519038,-0.939879759519038,0.0027205198449708
16,-9.35871743486974,-0.935871743486974,0.0069641522602375
17,-9.3186372745491,-0.93186372745491,0.011276902277487
18,-9.278557114228455,-0.9278557114228456,0.0156734841929131
19,-9.238476953907815,-0.9238476953907816,0.0201694081312841
20,-9.198396793587175,-0.9198396793587176,0.0247811998329693
21,-9.158316633266534,-0.9158316633266532,0.0295266472167275
22,-9.118236472945892,-0.9118236472945892,0.0344250817713672
23,-9.07815631262525,-0.9078156312625252,0.0394977045736587
24,-9.03807615230461,-0.9038076152304608,0.0447679690750021
25,-8.997995991983968,-0.8997995991983968,0.0502620359414364
26,-8.957915831663327,-0.8957915831663327,0.0560093194482049
27,-8.917835671342685,-0.8917835671342685,0.0620431506165549
28,-8.877755511022045,-0.8877755511022044,0.068401590004241
29,-8.837675350701403,-0.8837675350701403,0.0751284336459408
30,-8.797595190380761,-0.8797595190380761,0.0822744702951846
31,-8.75751503006012,-0.875751503006012,0.0898990686466305
32,-8.71743486973948,-0.8717434869739479,0.0980722023383135
33,-8.677354709418838,-0.8677354709418837,0.1068770624277914
34,-8.637274549098196,-0.8637274549098196,0.1164134682371188
35,-8.597194388777556,-0.8597194388777555,0.1268023783787056
36,-8.557114228456914,-0.8557114228456915,0.1381919413440816
37,-8.517034068136272,-0.8517034068136273,0.1507657374592916
38,-8.47695390781563,-0.8476953907815632,0.1647541994398512
39,-8.43687374749499,-0.8436873747494991,0.1804507417944248
40,-8.396793587174349,-0.8396793587174349,0.1982350332066215
41,-8.356713426853707,-0.8356713426853708,0.2186073984651619
42,-8.316633266533067,-0.8316633266533067,0.2422410993704156
43,-8.276553106212425,-0.8276553106212425,0.2700643653779272
44,-8.236472945891784,-0.8236472945891784,0.3033939959239874
45,-8.196392785571142,-0.8196392785571143,0.3441627908871567
46,-8.156312625250502,-0.8156312625250501,0.3953278812639074
47,-8.11623246492986,-0.811623246492986,0.4616534908744342
48,-8.076152304609218,-0.8076152304609219,0.5513409675272214
49,-8.036072144288577,-0.8036072144288577,0.6798115382859325
50,-7.995991983967936,-0.7995991983967936,0.8798947937353171
51,-7.955911823647295,-0.7955911823647295,1.2360545620791603
52,-7.915831663326653,-0.7915831663326653,2.051689422470765
53,-7.875751503006012,-0.7875751503006012,5.864519099626658
54,-7.835671342685371,-0.7835671342685371,-7.007409141331945
55,-7.7955911823647295,-0.779559118236473,-2.2059887609925
56,-7.755511022044088,-0.7755511022044088,-1.311767196385017
57,-7.715430861723447,-0.7715430861723447,-0.9338872569517253
58,-7.675350701402806,-0.7675350701402806,-0.7247731961021484
59,-7.635270541082164,-0.7635270541082164,-0.5916299561984111
60,-7.595190380761523,-0.7595190380761523,-0.4991480072049011
61,-7.555110220440882,-0.7555110220440882,-0.4309578248179213
62,-7.515030060120241,-0.751503006012024,-0.378431824062092
63,-7.474949899799599,-0.7474949899799599,-0.3365910293767419
64,-7.434869739478958,-0.7434869739478958,-0.302360441186656
65,-7.394789579158317,-0.7394789579158316,-0.2737380718865069
66,-7.354709418837675,-0.7354709418837675,-0.2493642234306343
67,-7.314629258517034,-0.7314629258517034,-0.2282828079934739
68,-7.274549098196393,-0.7274549098196392,-0.2098017242072413
69,-7.234468937875752,-0.7234468937875751,-0.1934074289994539
70,-7.19438877755511,-0.719438877755511,-0.1787106523474246
71,-7.154308617234469,-0.7154308617234469,-0.1654107666492248
72,-7.114228456913828,-0.7114228456913828,-0.1532717353404233
73,-7.074148296593187,-0.7074148296593187,-0.1421054744926504
74,-7.034068136272545,-0.7034068136272545,-0.1317600903665201
75,-6.993987975951904,-0.6993987975951904,-0.1221114017423606
76,-6.953907815631263,-0.6953907815631263,-0.1130567226268392
77,-6.913827655310621,-0.6913827655310621,-0.1045102302362117
78,-6.87374749498998,-0.687374749498998,-0.0963994639065189
79,-6.833667334669339,-0.6833667334669339,-0.0886626432739567
80,-6.793587174348698,-0.6793587174348698,-0.0812465882058461
81,-6.753507014028056,-0.6753507014028056,-0.0741050862256777
82,-6.713426853707415,-0.6713426853707415,-0.0671975964107393
83,-6.673346693386774,-0.6673346693386774,-0.060488208743018
84,-6.6332665330661325,-0.6633266533066133,-0.0539447990035278
85,-6.593186372745491,-0.6593186372745492,-0.0475383343382869
86,-6.55310621242485,-0.6553106212424851,-0.041242295454773
87,-6.513026052104209,-0.6513026052104209,-0.035032189280266
88,-6.472945891783567,-0.6472945891783568,-0.0288851316766853
89,-6.432865731462925,-0.6432865731462927,-0.022779484043222
90,-6.3927855711422845,-0.6392785571142285,-0.0166945307522224
91,-6.352705410821644,-0.6352705410821644,-0.0106101866368534
92,-6.312625250501002,-0.6312625250501003,-0.0045067253771335
93,-6.272545090180361,-0.6272545090180361,0.0016354792508786
94,-6.23246492985972,-0.623246492985972,0.0078362065991867
95,-6.192384769539078,-0.6192384769539079,0.0141156438463013
96,-6.152304609218437,-0.6152304609218437,0.0204946491710124
97,-6.112224448897796,-0.6112224448897796,0.026995030734469
98,-6.072144288577155,-0.6072144288577155,0.0336398494885832
99,-6.032064128256513,-0.6032064128256514,0.0404537549140263
100,-5.991983967935872,-0.5991983967935872,0.0474633643546096
101,-5.95190380761523,-0.5951903807615231,0.0546976987738164
102,-5.9118236472945895,-0.591182364729459,0.062188690682681
103,-5.871743486973948,-0.5871743486973948,0.0699717839162969
104,-5.831663326653307,-0.5831663326653307,0.0780866502092011
105,-5.791583166332665,-0.5791583166332666,0.0865780546213046
106,-5.751503006012024,-0.5751503006012024,0.0954969114880934
107,-5.711422845691383,-0.5711422845691383,0.1049015857119946
108,-5.671342685370742,-0.5671342685370742,0.1148595123387612
109,-5.631262525050101,-0.56312625250501,0.1254492326398651
110,-5.591182364729459,-0.5591182364729459,0.1367629806039237
111,-5.551102204408818,-0.5551102204408818,0.1489100047940182
112,-5.511022044088176,-0.5511022044088176,0.1620208846633457
113,-5.470941883767535,-0.5470941883767535,0.1762532098308417
114,-5.430861723446894,-0.5430861723446894,0.1917991551753844
115,-5.390781563126253,-0.5390781563126252,0.2088957363726195
116,-5.350701402805611,-0.5350701402805611,0.2278389245543491
117,-5.31062124248497,-0.531062124248497,0.2490034304456748
118,-5.270541082164329,-0.5270541082164328,0.2728710082590732
119,-5.230460921843688,-0.5230460921843687,0.30007189363323
120,-5.190380761523047,-0.5190380761523046,0.3314470851495493
121,-5.150300601202405,-0.5150300601202404,0.3681448238624245
122,-5.110220440881764,-0.5110220440881764,0.411775388532593
123,-5.070140280561122,-0.5070140280561123,0.4646699401259873
124,-5.030060120240481,-0.5030060120240482,0.5303353102432187
125,-4.98997995991984,-0.498997995991984,0.6143027742711882
126,-4.949899799599199,-0.4949899799599199,0.7258362064532867
127,-4.909819639278557,-0.4909819639278557,0.881720851802778
128,-4.869739478957916,-0.4869739478957916,1.115842523533481
129,-4.829659318637275,-0.4829659318637275,1.5084104163557654
130,-4.789579158316633,-0.4789579158316633,2.3062216731407417
131,-4.7494989979959925,-0.4749498997995992,4.822266395054562
132,-4.709418837675351,-0.4709418837675351,-60.502203544610985
133,-4.66933867735471,-0.4669338677354709,-4.187031484762514
134,-4.629258517034068,-0.4629258517034068,-2.172614876349962
135,-4.589178356713427,-0.4589178356713427,-1.4671636979359644
136,-4.5490981963927855,-0.4549098196392785,-1.1067935761313672
137,-4.509018036072145,-0.4509018036072144,-0.8874646560756356
138,-4.468937875751503,-0.4468937875751503,-0.7395029884611827
139,-4.428857715430862,-0.4428857715430861,-0.6326302440959417
140,-4.388777555110221,-0.438877755511022,-0.5515674020515787
141,-4.348697394789579,-0.434869739478958,-0.4877698174255315
142,-4.308617234468938,-0.4308617234468939,-0.4360847663504596
143,-4.268537074148297,-0.4268537074148297,-0.3932199442296549
144,-4.228456913827656,-0.4228456913827656,-0.3569730111251019
145,-4.188376753507014,-0.4188376753507015,-0.3258147121061543
146,-4.148296593186373,-0.4148296593186373,-0.2986497155870843
147,-4.108216432865731,-0.4108216432865732,-0.2746726419439402
148,-4.0681362725450905,-0.4068136272545091,-0.2532778282734984
149,-4.028056112224449,-0.4028056112224449,-0.2340007982677453
150,-3.987975951903808,-0.3987975951903808,-0.2164791575439169
151,-3.947895791583167,-0.3947895791583167,-0.2004257850062805
152,-3.907815631262525,-0.3907815631262525,-0.1856100319929224
153,-3.867735470941884,-0.3867735470941884,-0.1718442687627537
154,-3.8276553106212425,-0.3827655310621243,-0.1589740819857872
155,-3.7875751503006017,-0.3787575150300601,-0.1468710149474933
156,-3.74749498997996,-0.374749498997996,-0.1354271103729059
157,-3.707414829659319,-0.3707414829659319,-0.1245507517969343
158,-3.667334669338677,-0.3667334669338677,-0.1141634539427911
159,-3.627254509018037,-0.3627254509018036,-0.1041973557143811
160,-3.5871743486973955,-0.3587174348697395,-0.0945932394625553
161,-3.5470941883767537,-0.3547094188376753,-0.0852989485258755
162,-3.507014028056113,-0.3507014028056112,-0.0762681088882858
163,-3.466933867735471,-0.3466933867735471,-0.0674590847981618
164,-3.42685370741483,-0.342685370741483,-0.0588341154154234
165,-3.3867735470941884,-0.3386773547094188,-0.0503585920360204
166,-3.346693386773548,-0.3346693386773547,-0.0420004445655017
167,-3.306613226452906,-0.3306613226452907,-0.0337296126193544
168,-3.266533066132265,-0.3266533066132265,-0.0255175815698844
169,-3.226452905811623,-0.3226452905811624,-0.017336967491918
170,-3.1863727454909823,-0.3186372745490983,-0.0091611376000126
171,-3.1462925851703414,-0.3146292585170341,-0.0009638546389341
172,-3.1062124248497,-0.31062124248497,0.0072810650621
173,-3.0661322645290587,-0.3066132264529059,0.0156000894339784
174,-3.026052104208417,-0.3026052104208417,0.0240203137111656
175,-2.985971943887776,-0.2985971943887776,0.0325698181538706
176,-2.9458917835671343,-0.2945891783567135,0.0412780505605312
177,-2.905811623246493,-0.2905811623246493,0.0501762448093735
178,-2.865731462925852,-0.2865731462925852,0.0592978883709748
179,-2.825651302605211,-0.2825651302605211,0.0686792541394419
180,-2.785571142284569,-0.2785571142284569,0.0783600152240988
181,-2.745490981963928,-0.2745490981963928,0.0883839657928698
182,-2.7054108216432877,-0.2705410821643287,0.0987998770412445
183,-2.665330661322645,-0.2665330661322646,0.1096625254141565
184,-2.6252505010020046,-0.2625250501002004,0.1210339410996736
185,-2.585170340681363,-0.2585170340681363,0.1329849396481932
186,-2.545090180360722,-0.2545090180360722,0.1455970199575017
187,-2.50501002004008,-0.250501002004008,0.1589647401732497
188,-2.46492985971944,-0.2464929859719439,0.1731987228279175
189,-2.4248496993987976,-0.2424849699398797,0.1884294971514107
190,-2.3847695390781567,-0.2384769539078156,0.2048124682164606
191,-2.344689378757515,-0.2344689378757515,0.2225344224360103
192,-2.304609218436874,-0.2304609218436875,0.2418221577255367
193,-2.264529058116233,-0.2264529058116233,0.2629540984299599
194,-2.2244488977955914,-0.2224448897795592,0.2862761769079406
195,-2.1843687374749505,-0.2184368737474951,0.3122239334508669
196,-2.1442885771543088,-0.2144288577154309,0.3413538773025492
197,-2.104208416833668,-0.2104208416833668,0.3743889805005408
198,-2.064128256513026,-0.2064128256513027,0.4122863425492902
199,-2.024048096192385,-0.2024048096192385,0.4563407501350671
200,-1.9839679358717444,-0.1983967935871744,0.5083485066674557
201,-1.9438877755511024,-0.1943887775551103,0.5708768544679561
202,-1.9038076152304608,-0.1903807615230461,0.6477279516117959
203,-1.8637274549098208,-0.186372745490982,0.7447837428187601
204,-1.823647294589179,-0.1823647294589179,0.8716543614096902
205,-1.7835671342685373,-0.1783567134268537,1.0451896046514386
206,-1.7434869739478955,-0.1743486973947896,1.297880317181343
207,-1.7034068136272555,-0.1703406813627255,1.7014951551530568
208,-1.6633266533066138,-0.1663326653306613,2.452147916234495
209,-1.623246492985972,-0.1623246492985972,4.345393603655462
210,-1.5831663326653302,-0.1583166332665331,18.48750095471403
211,-1.5430861723446905,-0.1543086172344689,-8.271988163261089
212,-1.5030060120240485,-0.1503006012024048,-3.385401346259773
213,-1.4629258517034067,-0.1462925851703407,-2.127795685893333
214,-1.4228456913827667,-0.1422845691382765,-1.5498565363921326
215,-1.382765531062125,-0.1382765531062124,-1.2169408190079865
216,-1.3426853707414832,-0.1342685370741483,-0.999879291746132
217,-1.3026052104208414,-0.1302605210420842,-0.8467168935500161
218,-1.2625250501002014,-0.1262525050100201,-0.7325173587110199
219,-1.2224448897795597,-0.122244488977956,-0.643819713100545
220,-1.182364729458918,-0.1182364729458919,-0.5727178671403403
221,-1.142284569138276,-0.1142284569138277,-0.5142627387020177
222,-1.102204408817636,-0.1102204408817636,-0.4651975995720845
223,-1.0621242484969944,-0.1062124248496995,-0.4232912977043491
224,-1.0220440881763526,-0.1022044088176353,-0.3869636783079351
225,-0.9819639278557126,-0.0981963927855712,-0.3550639793101151
226,-0.9418837675350707,-0.0941883767535071,-0.3267339581038337
227,-0.9018036072144292,-0.0901803607214429,-0.3013202146381061
228,-0.8617234468937873,-0.0861723446893788,-0.2783162446738232
229,-0.8216432865731473,-0.0821643286573147,-0.2573230885821271
230,-0.7815631262525056,-0.0781563126252505,-0.2380219646451123
231,-0.7414829659318638,-0.0741482965931864,-0.2201548317951211
232,-0.701402805611222,-0.0701402805611223,-0.2035103221891336
233,-0.661322645290582,-0.0661322645290581,-0.1879133863222411
234,-0.6212424849699403,-0.062124248496994,-0.1732175529030525
235,-0.5811623246492985,-0.0581162324649299,-0.1592990612707742
236,-0.5410821643286585,-0.0541082164328657,-0.1460523551146549
237,-0.5010020040080168,-0.0501002004008016,-0.1333865793305712
238,-0.460921843687375,-0.0460921843687375,-0.1212228251463129
239,-0.4208416833667332,-0.0420841683366733,-0.1094919395106672
240,-0.3807615230460932,-0.0380761523046092,-0.0981327640890974
241,-0.3406813627254514,-0.0340681362725451,-0.0870907040437017
242,-0.3006012024048097,-0.0300601202404809,-0.0763165516680047
243,-0.2605210420841679,-0.0260521042084168,-0.0657655079286144
244,-0.2204408817635279,-0.0220440881763528,-0.0553963580746596
245,-0.1803607214428861,-0.0180360721442887,-0.0451707671013129
246,-0.1402805611222444,-0.0140280561122245,-0.0350526679528335
247,-0.1002004008016044,-0.0100200400801604,-0.0250077205887868
248,-0.0601202404809626,-0.0060120240480963,-0.0150028238795616
249,-0.0200400801603208,-0.0020040080160321,-0.0050056650691573
